# id	left	top	right	bottom	texture_id
[SPRITES]
# WALK
30001	5	14	21	29	10
30002	25	14	41	29	10
# DIE
30003	45	21	61	29	10

###################GOOMBA FLY#########################
#walk
30005	15	54	31	70	80
30006	65	54	81	70	80
#die
30007	315	57	331	66	80
#wing 
30008	263	52	283	71	80
30009	213	52	233	71	80
30010	163	50	183	74	80
30011	113	50	133	74	80

# ani_id	sprite1_id	time1	sprite2_id	time2	...
[ANIMATIONS]
########################GOOMBA BASE###################
# walk
30001	30001	100	30002	100
# die
30002	30003	100
#attacked
30003	30004	100
#####################GOOMBA FLY##########################
#walk
704	30005	100	30006	100
#die 
705	30007	100
#wing walking
706	30008	100	30009	100	30010	100	30011	100
#wing jump
707	30008	100	30009	100	30010	100	30011	100
#wing fall
708	30008	200	30009	200	30010	200	30011	200